waypoint_0: [47.6550596, -122.296004]
waypoint_1: [47.655014, -122.296]
waypoint_2: [47.6549742, -122.2960312]
waypoint_3: [47.6549303, -122.2960503]
waypoint_4: [47.6548893, -122.2960792]
waypoint_5: [47.6548627, -122.2961338]
waypoint_6: [47.6548631, -122.2962011]
waypoint_7: [47.6548716, -122.2962667]
waypoint_8: [47.6549065, -122.2963097]
waypoint_9: [47.6549144, -122.2963755]
waypoint_10: [47.654943, -122.2964279]
waypoint_11: [47.6549498, -122.2964948]
waypoint_12: [47.6549626, -122.296559]
waypoint_13: [47.6549775, -122.2966222]
waypoint_14: [47.6549979, -122.2966822]
waypoint_15: [47.6550046, -122.2967482]
waypoint_16: [47.6550472, -122.2967711]
waypoint_17: [47.6550926, -122.2967719]
waypoint_18: [47.6551357, -122.2967909]
waypoint_19: [47.65518, -122.2967754]
waypoint_20: [47.6551758, -122.2967089]
waypoint_21: [47.6551576, -122.2966476]
waypoint_22: [47.6551538, -122.2965808]
waypoint_23: [47.6551625, -122.2965146]
waypoint_24: [47.6551441, -122.2964534]
waypoint_25: [47.6551519, -122.2963868]
waypoint_26: [47.6551526, -122.2963197]
waypoint_27: [47.6551561, -122.2962528]
waypoint_28: [47.6551563, -122.2961858]
waypoint_29: [47.6551522, -122.2961192]
waypoint_30: [47.6551475, -122.296052]
waypoint_31: [47.6551044, -122.2960311]
waypoint_32: [47.6550617, -122.2960099]
