waypoint_0: [47.6572478, -122.2971651]
waypoint_1: [47.6572933, -122.2971533]
waypoint_2: [47.6573382, -122.2971411]
waypoint_3: [47.6573831, -122.2971319]
waypoint_4: [47.6574278, -122.2971433]
waypoint_5: [47.657464, -122.2971836]
waypoint_6: [47.6574886, -122.2972398]
waypoint_7: [47.6575077, -122.2973013]
waypoint_8: [47.6575236, -122.2973643]
waypoint_9: [47.6575379, -122.2974284]
waypoint_10: [47.6575567, -122.2974909]
waypoint_11: [47.6575748, -122.2975524]
waypoint_12: [47.6575751, -122.2976207]
waypoint_13: [47.6575635, -122.2976852]
waypoint_14: [47.6575275, -122.2977264]
waypoint_15: [47.6574825, -122.297739]
waypoint_16: [47.6574395, -122.2977591]
waypoint_17: [47.6573944, -122.2977669]
waypoint_18: [47.6573502, -122.2977818]
waypoint_19: [47.6573051, -122.2977859]
waypoint_20: [47.6572923, -122.2977208]
waypoint_21: [47.6572843, -122.2976545]
waypoint_22: [47.6572773, -122.297587]
waypoint_23: [47.6572628, -122.2975236]
waypoint_24: [47.6572507, -122.2974591]
waypoint_25: [47.6572371, -122.2973948]
waypoint_26: [47.6572327, -122.297327]
waypoint_27: [47.6572272, -122.29726]
waypoint_28: [47.6572138, -122.2971955]
waypoint_29: [47.6572587, -122.2972094]
waypoint_30: [47.6573035, -122.2971936]
